  -2.5302379e-01
  -7.4920210e-01
  -3.5333234e-02
   2.7542406e-02
  -5.4777994e-01
   3.8587311e-01
   3.8419513e-01
  -1.0721466e-01
   3.8313772e-02
  -2.2978217e-02
  -1.6757491e-01
   1.9750278e-01
  -3.2794137e-01
   7.8097132e-01
  -1.4644809e-01
  -4.5813326e-02
   3.3590556e-01
  -6.6434528e-02
  -1.2769059e-01
  -4.2160246e-01
   2.9914829e-02
  -6.2147190e-01
   1.9961129e-01
   5.6421090e-01
  -3.6100134e-01
   2.5984359e-01
   4.1919002e-01
  -7.1895328e-01
  -6.5689698e-01
   1.4889641e-01
  -2.3857222e-01
   1.9832110e-01
   2.4951268e-01
   2.0897001e-01
   4.4124943e-01
   1.9353133e-01
   4.0336568e-01
  -5.5301621e-01
  -7.9016795e-02
  -1.3285980e-01
  -7.1088365e-01
   3.4590951e-02
  -4.9000599e-01
   4.9954914e-01
  -3.8763845e-01
   1.4679645e-01
   2.3926108e-02
  -4.3166625e-01
  -9.3027980e-01
  -8.4789267e-02
  -4.6447007e-01
   1.8646946e-01
   1.4468642e-01
   6.1947490e-01
   1.7993791e-01
  -3.1307990e-01
   9.7440207e-02
  -4.5737731e-01
  -6.0552390e-02
  -7.1014934e-02
  -5.0635360e-02
  -1.7666116e-01
   3.8969782e-01
  -7.9658203e-01
   1.2574312e-01
   3.1436129e-01
   2.5035602e-01
   1.9127343e-01
  -2.1228739e-02
   2.3643014e-01
   1.9662131e-01
  -1.2911952e-01
  -1.7306292e-01
  -1.3490242e-01
  -6.0019466e-01
  -9.6298411e-02
   5.3281798e-02
   1.4166481e-01
   6.0425944e-01
  -1.0113942e-01
   3.0218036e-01
   3.8730808e-01
   4.5989623e-01
  -2.9654988e-01
   2.0254840e-01
   2.3080249e-01
  -2.4933562e-01
  -1.2496625e-01
   6.2234891e-01
   1.5343368e-01
   3.7719062e-01
   2.6987207e-01
  -8.1515340e-03
   3.1218502e-02
   4.3896870e-01
  -1.1470538e-01
   5.7866295e-01
   4.9184289e-01
  -6.9222900e-02
   1.4549795e-01
  -2.3381284e-01
  -6.5229967e-01
   6.0873074e-01
  -9.0230685e-03
   3.1268100e-01
   2.5809582e-01
   1.5557108e-01
  -2.7200409e-01
  -2.6634497e-01
  -5.3726177e-02
  -3.9397473e-01
  -3.5666665e-01
   6.4112839e-01
   6.2117973e-02
  -4.5809706e-01
   2.7256840e-03
  -4.4039572e-01
  -5.3581487e-01
  -1.0644793e-01
   3.7449031e-01
   4.0519850e-02
   2.4824437e-01
  -4.8449579e-01
  -2.0472585e-01
  -1.2935379e-01
  -5.1513849e-01
  -5.6572448e-01
   3.2278793e-01
  -6.1738418e-02
  -3.4583946e-01
   2.0898326e-01
  -4.7839034e-02
  -5.6159137e-01
   3.5187781e-01
  -7.3240679e-02
   4.1715812e-01
   3.2120874e-01
  -3.3492778e-01
  -4.7007036e-01
   1.5988968e-01
   2.2890099e-01
   2.1727111e-01
   9.5660550e-01
   1.5361698e+00
   8.6021470e-01
   8.1526135e-01
   1.0582081e+00
   1.3509570e+00
   6.0601665e-01
   2.7963450e-01
   5.0144195e-01
   3.1180058e-01
   3.3732943e-01
  -2.6053145e-01
  -2.1126099e-01
  -4.1374281e-01
  -3.1788727e-01
   3.1449830e-01
  -5.3159528e-01
  -8.0123018e-01
  -3.8343062e-02
  -5.4742080e-01
  -1.3205816e-01
  -3.6166201e-01
   1.3326792e-01
   1.6296596e-01
  -1.2393994e-01
  -8.5383350e-01
   2.7914948e-02
   6.1678106e-01
   3.9030358e-01
  -6.4654979e-01
  -4.3306499e-02
  -2.8172806e-01
  -4.1570796e-01
  -4.9605640e-01
   1.1701280e-01
  -1.6608911e-01
   3.2527932e-02
  -1.3189207e-01
  -1.6516770e-01
   1.7532296e-01
   3.2495875e-01
   8.8584179e-01
  -4.9394983e-01
  -3.5139133e-01
   4.8217600e-01
  -7.8760129e-02
  -4.6447648e-01
   2.2588289e-01
   7.3336652e-01
   4.0838824e-01
   9.2208162e-01
   3.5554413e-01
   9.1479569e-01
   4.8916979e-02
  -2.5468011e-01
   1.3362455e-01
   7.1137487e-01
  -1.9374636e-01
   5.2444934e-01
   4.7393014e-02
   5.2597645e-01
  -1.1709381e-01
   3.7418751e-01
  -4.4565094e-01
   1.7459273e-01
   5.7141826e-01
   2.7194437e-01
   9.0756117e-01
   1.7174571e-01
  -4.9589057e-01
  -5.0004066e-02
   8.7180072e-01
   4.0950163e-01
   6.1002556e-01
   8.3780298e-01
  -3.8806036e-01
   2.0038814e-01
   1.7269897e-01
   4.1399393e-02
   3.6828352e-01
   1.0403608e+00
   4.0594346e-01
   9.0033011e-01
   1.1771077e-01
   3.8499264e-01
   5.3699859e-02
   5.8572369e-01
   2.3390350e-01
   5.0935318e-01
   5.6707185e-01
   2.5071250e-01
   6.1978002e-01
   1.1698507e+00
   4.3808374e-01
   2.0578391e-01
   5.5831117e-01
   1.9837709e-01
  -2.8338944e-01
   3.3766590e-01
   1.2617977e-01
   3.1895417e-03
   6.1062288e-01
   8.3269205e-01
  -1.3353152e-01
   1.0587563e-01
  -2.6870272e-01
   3.1720225e-01
  -9.0934186e-01
   4.2478046e-01
   1.0928073e-01
   1.2008896e-01
   4.9518841e-01
  -1.0502122e-01
  -5.2763113e-02
  -5.1149518e-01
  -6.7199808e-01
  -2.9075884e-01
   1.0066283e-01
  -2.3014810e-01
  -5.4872047e-01
   4.1243232e-01
  -3.0253316e-01
  -2.3024243e-02
  -1.9431312e-02
  -1.1928388e-01
   1.3888085e-01
  -1.2545200e-01
  -6.8542600e-01
  -4.3128217e-01
   7.7764134e-02
  -5.2181589e-01
  -1.5769185e-01
  -3.9489978e-01
  -4.8761144e-01
  -4.2561429e-01
  -1.7715377e-01
   5.3669699e-02
  -6.1549891e-02
   4.1123085e-01
  -1.1190152e-01
  -6.2011179e-01
  -8.5691360e-03
   1.6708007e-02
   1.1539348e-01
   1.8933421e-01
   5.0125798e-01
  -2.2848646e-01
   9.5574305e-02
  -1.3413506e-02
  -2.3964695e-01
   8.4757877e-01
  -1.0939942e-01
  -5.6957665e-01
   7.0285773e-01
   1.2561373e-01
  -4.5164716e-01
   2.4467745e-01
   5.0501431e-01
