 -3.5839262e+000
 -3.9013538e+000
 -5.5963124e+000
 -5.0599788e+000
 -4.7730557e+000
 -5.3528503e+000
 -4.6802974e+000
 -3.2364897e+000
 -2.5980227e+000
 -3.1837736e+000
 -2.9774789e+000
 -2.4449431e+000
 -4.7026617e-001
 -9.0884788e-001
 -1.7423034e+000
  8.0045586e-001
  6.0802574e-001
  8.4077192e-002
  2.0195914e+000
  1.9144624e+000
  8.5337267e-001
  8.1943301e-001
  1.8119889e+000
  1.7557955e+000
  1.8241656e+000
  4.5558618e+000
  2.5771248e+000
  2.1040916e+000
  4.5504116e+000
  4.2462693e+000
  3.1718390e+000
  3.7762729e+000
  2.7193230e+000
  5.2213292e+000
  5.4740384e+000
  3.4824674e+000
  4.3353949e+000
  3.2170523e+000
  4.3563354e+000
  3.8399799e+000
  4.7346271e+000
  5.5987152e+000
  4.8718152e+000
  5.8955454e+000
  5.4272526e+000
  3.3044606e+000
  5.3115817e+000
  3.5834023e+000
  4.9296550e+000
  4.6827815e+000
  5.0408728e+000
  3.8689454e+000
  3.8687018e+000
  3.8026956e+000
  4.1241217e+000
  2.6715416e+000
  2.2619361e+000
  4.6118829e+000
  3.8699271e+000
  2.9004303e+000
  2.4978494e+000
  2.5227913e+000
  3.1219590e+000
  2.9664352e+000
  1.7449922e+000
  4.6027892e+000
  2.1637823e+000
  2.9011690e+000
  2.5982148e+000
  2.1901736e+000
  4.3208038e+000
  3.1849702e+000
  4.6824578e+000
  4.4602516e+000
  4.9200846e+000
  5.8622697e+000
  5.3126051e+000
  7.1894709e+000
  7.9538814e+000
  6.1716394e+000
  8.6970781e+000
  8.5871444e+000
  8.2017529e+000
  7.4257024e+000
  5.9314317e+000
  7.8430104e+000
  5.8964429e+000
  6.4337205e+000
  5.0046938e+000
  5.6234910e+000
  7.0547638e+000
  6.7684735e+000
  5.3889336e+000
  6.8022723e+000
  5.4624979e+000
  5.2371377e+000
  5.1778041e+000
  5.0276892e+000
  4.3694310e+000
  4.2624513e+000
  3.3859279e+000
  3.6702028e+000
  2.4684753e+000
  2.2521677e+000
  3.1198344e+000
  2.6470163e+000
  5.8215829e-001
  1.2650434e+000
 -2.6857468e-001
  3.3337527e-001
  1.8915146e+000
  1.4273658e+000
 -8.6732407e-001
  3.2243341e-001
 -6.6981286e-002
  1.1376993e+000
 -9.0645315e-001
 -1.8800922e+000
 -8.8956024e-001
  5.8297165e-001
  3.1587684e-001
 -5.4785654e-001
 -3.9165872e-001
  8.4684916e-003
 -2.0496367e+000
 -2.3307643e+000
 -9.4306803e-001
 -2.6063797e+000
 -1.1606354e+000
 -1.9325451e+000
  8.1155987e-002
 -5.4665593e-001
 -2.0921090e+000
  4.2646809e-001
 -1.6117953e-001
  3.1876132e-001
 -1.6081760e-001
 -1.1087868e+000
 -1.1502223e+000
 -6.2155377e-001
 -4.1078642e-001
  2.8499047e-001
  3.8159554e-001
 -5.2036265e-001
  5.8046777e-001
 -4.6684634e-001
 -1.1495358e+000
  1.0329078e-002
  4.6629768e-001
  5.9963176e-001
  1.4896431e+000
  8.5536750e-001
  7.1807235e-001
  1.4073805e+000
  1.5568294e+000
 -6.7719042e-003
  4.0288165e-001
  9.4716686e-001
 -3.1005485e-002
  2.5959472e-001
 -7.6487724e-001
 -9.8007305e-001
 -5.6435973e-001
 -1.0360976e+000
 -6.7435524e-001
  3.4551430e-001
  1.2999460e+000
 -3.5714322e-002
 -4.1938981e-001
  1.8184211e+000
 -8.4227127e-001
  9.4590550e-001
  4.8865831e-001
  9.8400944e-001
 -4.6023201e-002
 -2.1472666e-001
 -1.8085066e-003
 -2.3153334e-001
  1.0602779e+000
  1.8284443e+000
  1.4077120e-001
  6.8791112e-001
 -4.3434996e-001
 -2.5465497e-001
  2.9469406e-001
  1.2456393e+000
  1.0368456e+000
  2.4465134e+000
  2.3189534e-001
  9.1351424e-001
  1.1303485e+000
  2.1389046e+000
  3.0558546e-001
  2.2014576e+000
  1.4726439e+000
 -2.1086384e+000
 -8.1746830e-001
 -1.0935190e+000
 -2.1596928e+000
 -2.6044872e+000
 -5.3356254e+000
 -4.2418335e+000
 -3.8056048e+000
 -5.7507768e+000
 -4.7546071e+000
 -4.7160390e+000
 -6.4205419e+000
 -3.1916576e+000
 -3.4538045e+000
 -3.5564936e+000
 -3.8275234e+000
 -2.4721266e+000
 -2.2528863e+000
 -2.8210461e+000
 -9.7681032e-001
 -2.6813616e+000
 -1.6643813e+000
 -1.6803161e+000
 -4.3007691e-002
 -8.4046443e-002
  2.3493057e+000
  2.3398851e+000
  1.4832900e+000
  1.1247881e+000
  1.0479278e+000
  2.8414180e+000
  3.6965497e+000
  3.8072112e+000
  3.5240400e+000
  2.5165092e+000
  2.3714380e+000
  3.9761378e+000
  4.9525186e+000
  4.7084026e+000
  5.0612490e+000
  3.3028710e+000
  3.3601622e+000
  4.0800562e+000
  2.9312412e+000
  2.9864797e+000
  3.0967254e+000
  4.4065414e+000
  2.5948520e+000
  3.1781052e+000
  4.2483902e+000
  2.9445198e+000
  2.8437267e+000
  4.2372350e+000
  4.9579461e+000
  2.4930246e+000
  2.5534632e+000
  2.5875959e+000
  2.6029524e+000
  4.7801508e+000
  2.4986246e+000
  3.8236426e+000
  2.8821402e+000
  2.6492968e+000
  3.9990547e+000
  3.4145674e+000
  4.8699437e+000
  3.1966256e+000
  4.0665839e+000
  5.0910186e+000
  3.8785721e+000
  5.0135095e+000
  4.9880927e+000
  4.3126801e+000
  5.5995354e+000
  3.8965977e+000
  6.1889263e+000
  3.9334131e+000
  5.4535775e+000
  4.9014105e+000
  3.3677001e+000
  3.4378888e+000
  4.6891286e+000
  7.3760834e+000
  7.5829433e+000
  6.3482059e+000
  9.1109299e+000
  8.6362545e+000
  7.0301420e+000
  8.7282349e+000
  8.2839302e+000
  7.5748095e+000
  7.1585270e+000
  6.6658090e+000
  6.1160211e+000
  8.0401771e+000
  5.5562926e+000
  7.4580432e+000
  5.3447347e+000
  5.8334115e+000
  6.0108213e+000
  2.9670040e+000
  2.5835932e+000
  2.7956609e+000
  1.4309180e+000
  2.0152582e+000
  5.8938369e-001
  2.5226026e+000
  3.0514032e+000
  3.4536401e-001
  1.8971004e+000
 -1.7357352e-001
  3.1651867e-002
 -7.4309784e-001
 -5.8978666e-001
 -3.5332844e-001
 -1.1326554e+000
 -8.3932393e-001
  1.0393843e+000
 -5.5521298e-001
 -3.5586008e-001
 -1.6549055e+000
 -2.1809971e+000
 -1.8993252e+000
  3.4604783e-001
  1.9117135e-001
 -1.7534845e+000
  8.1571166e-001
 -2.4184018e-001
  2.7522665e-001
 -8.9020805e-001
 -1.0071024e+000
 -1.6276388e+000
 -2.2195194e+000
 -1.6540032e+000
 -1.7459044e+000
  3.9287096e-001
 -1.9494998e+000
 -2.1032186e+000
 -8.2940444e-001
  1.1350142e-001
  8.4186974e-001
 -1.5716504e-001
 -1.2584429e+000
 -7.9309584e-001
 -9.5020414e-001
 -1.8839135e+000
 -8.6983552e-001
 -1.3286208e-002
 -1.6199982e+000
  9.3435821e-001
  1.3905504e+000
  7.3814170e-001
  1.1300652e+000
 -4.8359385e-001
 -6.3839361e-001
 -4.7500665e-001
  7.0580829e-001
  1.5704945e+000
  5.9788922e-001
  2.9988187e-001
  1.1525701e+000
  1.0830508e+000
  7.4515363e-001
  1.0315026e+000
  1.6709154e+000
  1.9690343e+000
  4.1585309e-001
  1.8127572e+000
  8.8955720e-001
 -5.2138162e-001
 -4.9278950e-001
 -2.2755581e+000
 -1.5262220e+000
 -3.7078975e+000
 -5.9428492e+000
 -4.7021304e+000
 -5.4328981e+000
 -6.5862386e+000
 -5.4079797e+000
 -7.5003383e+000
 -4.7882913e+000
 -7.0039833e+000
 -6.7578562e+000
 -4.7601406e+000
 -6.0930655e+000
 -4.8231793e+000
 -4.4139583e+000
 -4.8517690e+000
 -4.3862793e+000
 -3.1205937e+000
 -1.2651433e+000
 -7.5270658e-001
 -2.8229596e+000
 -8.8976849e-002
  1.1328955e+000
  1.0871678e+000
  2.4014287e+000
  1.9104596e+000
  2.6126576e+000
  1.7429059e+000
  3.5358549e+000
  2.1305995e+000
  1.5944456e+000
  3.8154001e+000
  4.7789398e+000
  2.6042937e+000
  3.3096062e+000
  2.5819093e+000
  3.6594097e+000
  4.9853870e+000
  3.6064923e+000
  3.2632338e+000
  3.7633411e+000
  4.9047152e+000
  4.3646055e+000
  5.5537541e+000
  5.0960537e+000
  3.8855195e+000
  4.5995577e+000
  2.6843291e+000
  4.2339841e+000
  3.8720607e+000
  5.1478545e+000
  4.9923487e+000
  4.0730170e+000
  4.8070623e+000
  4.3312277e+000
  2.5342994e+000
  3.4357037e+000
  5.5227102e+000
  5.1687104e+000
  6.6832840e+000
  7.7316958e+000
  9.7931330e+000
  8.5046681e+000
  8.7384264e+000
  9.5899830e+000
  1.1106248e+001
  9.1911623e+000
  9.7813735e+000
  9.1936331e+000
  8.2960892e+000
  8.2398383e+000
  9.6174477e+000
  8.8316339e+000
  8.9452443e+000
  7.1046407e+000
  7.5636225e+000
  5.2801611e+000
  4.4781677e+000
  4.9633246e+000
  4.4018189e+000
  4.3817547e+000
  5.4767371e+000
  2.9695427e+000
  2.5256459e+000
  3.3757546e+000
  2.5965014e+000
  1.1836165e+000
  1.7228663e+000
  1.1903307e+000
  2.2170822e+000
  1.6471103e+000
  1.6505052e+000
  8.1852021e-001
  7.4015985e-001
  2.4878146e-001
 -1.3463438e+000
 -1.0924350e+000
 -7.0729262e-001
 -2.4259675e-001
 -1.2301009e+000
  2.6291869e-001
 -8.4810645e-001
 -1.9334163e+000
 -4.2122891e-001
 -6.5342602e-001
 -1.7172492e+000
 -2.0570702e+000
  6.5613488e-001
 -1.2775242e+000
 -1.3796733e+000
 -1.8836247e+000
 -3.2018908e-001
 -4.0685218e-001
 -1.9048705e+000
 -2.5209896e-001
 -7.8053002e-001
 -2.0860104e+000
 -1.1964581e+000
 -1.2497621e+000
  8.2638367e-001
  3.7322777e-003
  7.8434043e-001
  1.0373419e-001
  5.2993751e-001
 -4.9179688e-001
  1.0098270e+000
 -1.4308766e+000
 -4.3529403e-002
 -2.3218826e-002
 -7.3876863e-001
 -1.0829512e-001
 -1.1389300e+000
  2.2329439e-001
  1.3665487e+000
 -4.4294027e-001
 -5.7430643e-001
 -9.8726475e-001
  1.4173471e+000
 -9.2132993e-001
  1.5264292e+000
  4.5534500e-001
  1.8166880e+000
 -8.1527380e-001
 -1.2369663e+000
 -2.4626279e-001
  8.1147054e-002
  1.5925199e-001
  3.6943670e-001
  1.9824388e-001
  1.9602908e+000
  1.2780646e+000
  2.0847343e+000
 -5.3645259e-001
  1.2840342e+000
  1.9934561e-001
  5.4727984e-001
 -7.1927885e-001
  9.6463977e-001
  5.0658488e-001
  1.8754214e+000
  1.8046382e+000
  8.2159498e-001
  4.1168972e-001
  5.3561951e-001
  2.2979447e+000
  1.2880580e+000
 -1.3525171e-001
 -2.5634434e-002
 -2.0619125e+000
 -1.4738861e+000
 -4.4301726e+000
 -4.4809856e+000
 -3.2486055e+000
 -5.1807674e+000
 -6.8482188e+000
 -5.2794171e+000
 -7.5395744e+000
 -5.7101619e+000
 -4.6635797e+000
 -6.0245011e+000
 -4.5338632e+000
 -4.0154194e+000
 -2.9922253e+000
 -4.9208711e+000
 -3.5179431e+000
 -1.9255858e+000
 -3.0326594e+000
 -1.5419046e+000
 -6.2030120e-001
 -6.9653678e-001
  1.8053703e-001
  1.5140696e+000
  2.6136409e-003
  1.9754682e-001
  1.6743415e+000
  2.3533439e+000
  2.7586467e+000
  1.9942503e+000
  1.1734331e+000
  2.5501264e+000
  4.2625728e+000
  2.9294043e+000
  2.8458083e+000
  4.4084702e+000
  3.1281502e+000
  2.8333678e+000
  4.4991553e+000
  3.3016002e+000
  4.1857172e+000
  5.2752179e+000
  5.4032851e+000
  5.0590443e+000
  5.2944168e+000
  6.0924897e+000
  3.6234503e+000
  2.3957890e+000
  4.8304517e+000
  5.4085155e+000
  3.1976508e+000
  2.6974455e+000
  3.7958761e+000
  2.9087620e+000
  4.5038604e+000
  5.4105435e+000
  3.9414975e+000
  3.8957982e+000
  2.5480942e+000
  3.7960634e+000
  3.5084823e+000
  3.1716931e+000
  3.0369606e+000
  4.4685693e+000
  2.5608949e+000
