  -2.0517207e-01
  -7.0128287e-01
   1.2641051e-02
   7.5560395e-02
  -4.9972858e-01
   4.3394845e-01
   4.3228593e-01
  -5.9116102e-02
   8.6413112e-02
   2.5115594e-02
  -1.1949235e-01
   2.4556998e-01
  -2.7989014e-01
   8.2900480e-01
  -9.8433927e-02
   2.1801344e-03
   3.8387713e-01
  -1.8485901e-02
  -7.9765790e-02
  -3.7370226e-01
   7.7789770e-02
  -5.7362278e-01
   2.4743410e-01
   6.1200698e-01
  -3.1323238e-01
   3.0758507e-01
   4.6690367e-01
  -6.7126781e-01
  -6.0924007e-01
   1.9652434e-01
  -1.9097375e-01
   2.4589058e-01
   2.9705310e-01
   2.5648073e-01
   4.8873002e-01
   2.4098158e-01
   4.5078555e-01
  -5.0562658e-01
  -3.1657150e-02
  -8.5529777e-02
  -6.6358279e-01
   8.1863138e-02
  -4.4276194e-01
   5.4676559e-01
  -3.4044908e-01
   1.9395919e-01
   7.1062628e-02
  -3.8455566e-01
  -8.8319498e-01
  -3.7730187e-02
  -4.1743689e-01
   2.3347638e-01
   1.9166650e-01
   6.6642729e-01
   2.2686150e-01
  -2.6618655e-01
   1.4430158e-01
  -4.1055003e-01
  -1.3759648e-02
  -2.4254776e-02
  -3.9133474e-03
  -1.2998303e-01
   4.3632575e-01
  -7.5001169e-01
   1.7224705e-01
   3.6078807e-01
   2.9669259e-01
   2.3750399e-01
   2.4876796e-02
   2.8238803e-01
   2.4240489e-01
  -8.3541413e-02
  -1.2773304e-01
  -8.9866947e-02
  -5.5548504e-01
  -5.1953535e-02
   9.7217987e-02
   1.8514570e-01
   6.4723812e-01
  -5.8707734e-02
   3.4402475e-01
   4.2853178e-01
   5.0047508e-01
  -2.5662835e-01
   2.4181417e-01
   2.6943051e-01
  -2.1130691e-01
  -8.7484195e-02
   6.5934761e-01
   1.9002720e-01
   4.1346935e-01
   3.0593601e-01
   2.7804602e-02
   6.7178182e-02
   4.7504502e-01
  -7.8400220e-02
   6.1530566e-01
   5.2892574e-01
  -3.1606077e-02
   1.8376749e-01
  -1.9486527e-01
  -6.1266918e-01
   6.4903984e-01
   3.1951856e-02
   3.5430126e-01
   3.0033392e-01
   1.9839329e-01
  -2.2863704e-01
  -2.2247712e-01
  -9.4056248e-03
  -3.4925287e-01
  -3.1159746e-01
   6.8648909e-01
   1.0771326e-01
  -4.1232447e-01
   4.8618658e-02
  -3.9448913e-01
  -4.9009047e-01
  -6.0896283e-02
   4.2001684e-01
   8.6217993e-02
   2.9427080e-01
  -4.3810561e-01
  -1.5797608e-01
  -8.2199894e-02
  -4.6747769e-01
  -5.1738695e-01
   3.7207727e-01
  -1.1035165e-02
  -2.9366018e-01
   2.6234205e-01
   6.1545128e-03
  -5.0765130e-01
   4.0483909e-01
  -2.2343838e-02
   4.6489182e-01
   3.6426704e-01
  -2.9986467e-01
  -4.4541762e-01
   1.7401441e-01
   2.3331497e-01
   2.1217615e-01
   9.4056931e-01
   1.5174088e+00
   8.4857511e-01
   8.1486868e-01
   1.0711555e+00
   1.3782809e+00
   6.4826534e-01
   3.3469031e-01
   5.6451415e-01
   3.8041098e-01
   4.0780691e-01
  -1.9148673e-01
  -1.4602240e-01
  -3.5506769e-01
  -2.7083222e-01
   3.5074711e-01
  -5.0213848e-01
  -7.7479179e-01
  -1.1746820e-02
  -5.1843289e-01
  -9.9732347e-02
  -3.2668480e-01
   1.6905056e-01
   1.9910874e-01
  -8.6806152e-02
  -8.1550577e-01
   6.6869402e-02
   6.5597591e-01
   4.2974933e-01
  -6.0672981e-01
  -3.2523320e-03
  -2.4170223e-01
  -3.7596553e-01
  -4.5671502e-01
   1.5607185e-01
  -1.2727292e-01
   7.1044999e-02
  -9.3714178e-02
  -1.2736533e-01
   2.1271457e-01
   3.6190416e-01
   9.2230410e-01
  -4.5801028e-01
  -3.1601810e-01
   5.1695103e-01
  -4.4613651e-02
  -4.3099342e-01
   2.5866198e-01
   7.6540007e-01
   4.3964132e-01
   9.5252688e-01
   3.8516276e-01
   9.4357834e-01
   7.6864717e-02
  -2.2755486e-01
   1.5995204e-01
   7.3694256e-01
  -1.6888630e-01
   5.4866904e-01
   7.1055714e-02
   5.4913329e-01
  -9.4392296e-02
   3.9652748e-01
  -4.2355731e-01
   1.9659787e-01
   5.9353782e-01
   2.9434897e-01
   9.3039302e-01
   1.9512359e-01
  -4.7186633e-01
  -2.5246546e-02
   8.9737002e-01
   4.3595778e-01
   6.3744522e-01
   8.6626941e-01
  -3.5845233e-01
   2.3125653e-01
   2.0510001e-01
   7.5559285e-02
   4.0430988e-01
   1.0782616e+00
   4.4558745e-01
   9.4150104e-01
   1.6021882e-01
   4.2867239e-01
   9.8407999e-02
   6.3133660e-01
   2.8031491e-01
   5.5647179e-01
   6.1481896e-01
   2.9901965e-01
   6.6858662e-01
   1.2191017e+00
   4.8772710e-01
   2.5576849e-01
   6.0858417e-01
   2.4888175e-01
  -2.3271623e-01
   3.8843587e-01
   1.7696361e-01
   5.3890945e-02
   6.6112971e-01
   8.8289946e-01
  -8.3671704e-02
   1.5535052e-01
  -2.1964165e-01
   3.6582842e-01
  -8.6116450e-01
   4.7250166e-01
   1.5654435e-01
   1.6689890e-01
   5.4155319e-01
  -5.9089001e-02
  -7.2474574e-03
  -4.6637731e-01
  -6.2725706e-01
  -2.4637221e-01
   1.4471842e-01
  -1.8639993e-01
  -5.0525660e-01
   4.5563083e-01
  -2.5958101e-01
   1.9701133e-02
   2.3087469e-02
  -7.6950942e-02
   1.8104924e-01
  -8.3426311e-02
  -6.4352065e-01
  -3.8947429e-01
   1.1949793e-01
  -4.8013233e-01
  -1.1603716e-01
  -3.5330001e-01
  -4.4608830e-01
  -3.8416359e-01
  -1.3574767e-01
   9.5044961e-02
  -2.0213708e-02
   4.5253166e-01
  -7.0624889e-02
  -5.7884507e-01
   3.2700539e-02
   5.7987649e-02
   1.5667980e-01
   2.3061807e-01
   5.4253914e-01
  -1.8720793e-01
   1.3685030e-01
   2.7860065e-02
  -1.9837569e-01
   8.8885261e-01
  -6.8110551e-02
  -5.2826434e-01
   7.4419798e-01
   1.6698299e-01
  -4.1025078e-01
   2.8609664e-01
   5.4645000e-01
