  -1.5921021e-01
  -1.5902710e-01
  -1.5408325e-01
  -1.4767456e-01
  -1.3925171e-01
  -1.2826538e-01
  -1.1434937e-01
  -9.6313477e-02
  -7.8277588e-02
  -5.8685303e-02
  -3.9459229e-02
  -1.9592285e-02
   2.0141602e-03
   2.0324707e-02
   3.8635254e-02
   5.5389404e-02
   7.1319580e-02
   8.3953857e-02
   9.2285156e-02
   1.0025024e-01
   1.0528564e-01
   1.0656738e-01
   1.0372925e-01
   9.8968506e-02
   9.4207764e-02
   8.8897705e-02
   8.0657959e-02
   7.2601318e-02
   6.5460205e-02
   5.9600830e-02
   5.2734375e-02
   4.5227051e-02
   4.0649414e-02
   3.6712646e-02
   3.2501221e-02
   2.7099609e-02
   2.1881104e-02
   1.9409180e-02
   1.5472412e-02
   9.3383789e-03
   3.2958984e-03
  -3.2043457e-03
  -9.0637207e-03
  -1.8585205e-02
  -2.7557373e-02
  -3.3691406e-02
  -3.9825439e-02
  -4.4403076e-02
  -4.9255371e-02
  -4.8522949e-02
  -4.5043945e-02
  -4.4036865e-02
  -3.9459229e-02
  -3.4423828e-02
  -2.5543213e-02
  -1.6662598e-02
  -7.8735352e-03
   8.0566406e-03
   2.0874023e-02
   3.7170410e-02
   5.0628662e-02
   6.6009521e-02
   8.6059570e-02
   9.9792480e-02
   1.1599731e-01
   1.2680054e-01
   1.3980103e-01
   1.5042114e-01
   1.5444946e-01
   1.6076660e-01
   1.6323853e-01
   1.6543579e-01
   1.6488647e-01
   1.5847778e-01
   1.5692139e-01
   1.4886475e-01
   1.3961792e-01
   1.2716675e-01
   1.1380005e-01
   1.0409546e-01
   8.6608887e-02
   7.1594238e-02
   5.5755615e-02
   4.0374756e-02
   2.7099609e-02
   1.1077881e-02
   1.3732910e-03
  -7.7819824e-03
  -1.6296387e-02
  -2.0782471e-02
  -2.5726318e-02
  -2.4719238e-02
  -2.6824951e-02
  -2.9022217e-02
  -2.9205322e-02
  -3.1311035e-02
  -3.3325195e-02
  -4.0100098e-02
  -4.6417236e-02
  -4.9163818e-02
  -5.3924561e-02
  -5.9051514e-02
  -6.3446045e-02
  -6.9030762e-02
  -7.1960449e-02
  -7.8643799e-02
  -8.5601807e-02
  -8.8989258e-02
  -9.6038818e-02
  -1.0198975e-01
  -1.1059570e-01
  -1.1828613e-01
  -1.2432861e-01
  -1.3595581e-01
  -1.4538574e-01
  -1.5582275e-01
  -1.6690063e-01
  -1.7706299e-01
  -1.8997192e-01
  -1.9903564e-01
             NaN
             NaN
             NaN
             NaN
  -1.9070435e-01
  -1.7495728e-01
  -1.5774536e-01
  -1.3119507e-01
  -1.0034180e-01
  -6.7840576e-02
  -3.6437988e-02
  -4.6691895e-03
   3.1860352e-02
   6.4636230e-02
   9.2742920e-02
   1.1709595e-01
   1.3980103e-01
   1.5994263e-01
   1.6973877e-01
   1.7477417e-01
   1.7669678e-01
   1.7504883e-01
   1.6607666e-01
   1.5060425e-01
   1.3714600e-01
   1.2268066e-01
   1.0418701e-01
   8.2489014e-02
   6.4270020e-02
   5.0354004e-02
   3.6437988e-02
   2.1331787e-02
   1.0162354e-02
   5.6762695e-03
   2.2888184e-03
  -2.6550293e-03
  -7.5073242e-03
  -7.7819824e-03
  -6.2255859e-03
  -9.5214844e-03
  -1.3916016e-02
  -1.8402100e-02
  -2.3071289e-02
  -3.1402588e-02
  -4.4952393e-02
  -5.4382324e-02
  -6.3079834e-02
  -7.3608398e-02
  -8.4777832e-02
  -9.3292236e-02
  -9.3933105e-02
  -9.4299316e-02
  -9.4024658e-02
  -8.8806152e-02
  -7.7545166e-02
  -6.1889648e-02
  -4.6783447e-02
  -2.8656006e-02
  -5.4931641e-03
   2.0416260e-02
   4.4036865e-02
   6.8298340e-02
   9.4482422e-02
   1.2130737e-01
   1.4456177e-01
   1.6314697e-01
   1.8310547e-01
             NaN
             NaN
             NaN
             NaN
             NaN
             NaN
             NaN
             NaN
             NaN
   1.9903564e-01
   1.8383789e-01
   1.6589355e-01
   1.5115356e-01
   1.3302612e-01
   1.1471558e-01
   9.2468262e-02
   7.1502686e-02
   5.0537109e-02
   2.4261475e-02
  -5.4931641e-04
  -2.6824951e-02
  -5.1086426e-02
  -7.7087402e-02
  -1.0501099e-01
  -1.2579346e-01
  -1.4804077e-01
  -1.6314697e-01
  -1.7935181e-01
  -1.8896484e-01
  -1.8841553e-01
  -1.8704224e-01
  -1.7999268e-01
  -1.7276001e-01
  -1.5856934e-01
  -1.4291382e-01
  -1.3018799e-01
  -1.1590576e-01
  -1.0180664e-01
  -8.9721680e-02
  -7.9742432e-02
  -7.6354980e-02
  -7.1960449e-02
  -7.3608398e-02
  -7.9467773e-02
  -8.8806152e-02
  -1.0217285e-01
  -1.1489868e-01
  -1.3623047e-01
  -1.5756226e-01
  -1.7797852e-01
  -1.9711304e-01
             NaN
             NaN
             NaN
             NaN
             NaN
             NaN
  -1.8521118e-01
  -1.5316772e-01
  -1.2139893e-01
  -8.1848145e-02
  -3.7902832e-02
   3.3874512e-03
   4.7058105e-02
   8.3404541e-02
   1.2112427e-01
   1.5417480e-01
   1.7678833e-01
   1.9546509e-01
             NaN
             NaN
             NaN
   1.9564819e-01
   1.8310547e-01
   1.6378784e-01
   1.4263916e-01
   1.1791992e-01
   9.4116211e-02
   7.5256348e-02
   5.3833008e-02
   3.4606934e-02
   2.0599365e-02
   1.1810303e-02
   6.4086914e-03
  -5.4931641e-04
  -4.4860840e-03
  -4.6691895e-03
  -4.3029785e-03
  -9.2468262e-03
  -1.4465332e-02
  -2.1148682e-02
  -2.5726318e-02
  -3.7078857e-02
  -5.0537109e-02
  -6.0882568e-02
  -7.3425293e-02
  -8.4503174e-02
  -9.7320557e-02
  -1.0455322e-01
  -1.0656738e-01
  -1.1114502e-01
  -1.0702515e-01
  -1.0025024e-01
  -8.2946777e-02
  -6.3171387e-02
  -4.4219971e-02
  -1.3916016e-02
   1.7486572e-02
   5.2459717e-02
   8.4686279e-02
   1.1407471e-01
   1.4923096e-01
   1.7376709e-01
   1.9976807e-01
             NaN
             NaN
             NaN
             NaN
             NaN
             NaN
             NaN
             NaN
   1.9885254e-01
   1.9097900e-01
   1.7385864e-01
   1.5829468e-01
   1.4483643e-01
   1.2991333e-01
   1.2515259e-01
   1.1123657e-01
   1.0043335e-01
   9.3109131e-02
   8.2122803e-02
   7.7819824e-02
   6.3812256e-02
   5.6396484e-02
   4.8706055e-02
   3.5247803e-02
   2.3986816e-02
   6.5002441e-03
  -6.9580078e-03
  -2.5543213e-02
  -4.7790527e-02
  -6.5917969e-02
  -8.5235596e-02
  -1.0052490e-01
  -1.1929321e-01
  -1.3247681e-01
  -1.3961792e-01
  -1.4392090e-01
  -1.4556885e-01
  -1.4300537e-01
  -1.3806152e-01
  -1.2652588e-01
  -1.1700439e-01
  -1.0583496e-01
  -9.1827393e-02
  -8.2214355e-02
  -7.3333740e-02
  -7.0220947e-02
  -6.9122314e-02
  -7.1136475e-02
  -8.0383301e-02
  -9.3017578e-02
  -1.1013794e-01
  -1.2991333e-01
  -1.5454102e-01
  -1.8054199e-01
             NaN
             NaN
             NaN
             NaN
             NaN
             NaN
             NaN
             NaN
             NaN
  -1.8704224e-01
  -1.4071655e-01
  -8.8623047e-02
  -3.0578613e-02
   3.5247803e-02
   9.1827393e-02
   1.4080811e-01
   1.8841553e-01
             NaN
             NaN
             NaN
             NaN
             NaN
             NaN
             NaN
             NaN
   1.7001343e-01
   1.3632202e-01
   9.5672607e-02
   5.8319092e-02
   2.6458740e-02
   4.5776367e-03
  -2.0599365e-02
  -4.1381836e-02
  -5.2459717e-02
  -5.6213379e-02
  -5.7403564e-02
  -6.3903809e-02
  -6.3171387e-02
  -6.0058594e-02
  -5.7128906e-02
  -6.2255859e-02
  -6.8298340e-02
  -7.3242188e-02
  -7.9833984e-02
  -9.2834473e-02
  -1.1059570e-01
  -1.1865234e-01
  -1.2744141e-01
  -1.3668823e-01
  -1.4465332e-01
  -1.4355469e-01
  -1.3211060e-01
  -1.1984253e-01
  -1.0363770e-01
  -7.6629639e-02
  -3.9093018e-02
  -4.5776367e-04
   3.5614014e-02
   7.5439453e-02
   1.1993408e-01
   1.5847778e-01
   1.8850708e-01
             NaN
             NaN
             NaN
             NaN
             NaN
             NaN
             NaN
             NaN
             NaN
             NaN
   1.9125366e-01
   1.7468262e-01
   1.5344238e-01
   1.3998413e-01
   1.2789917e-01
   1.1929321e-01
   1.0363770e-01
   9.0270996e-02
   8.0200195e-02
   7.0037842e-02
   5.5755615e-02
   3.9001465e-02
   2.6184082e-02
   1.1901855e-02
  -5.7678223e-03
  -2.1331787e-02
  -3.5705566e-02
  -4.7424316e-02
  -6.1706543e-02
  -7.2601318e-02
  -7.8369141e-02
  -8.2031250e-02
  -8.4136963e-02
  -8.6517334e-02
  -8.4960938e-02
  -8.0200195e-02
  -7.5073242e-02
  -7.0312500e-02
  -6.2805176e-02
  -5.4016113e-02
  -4.7882080e-02
  -4.2663574e-02
  -3.7261963e-02
  -3.2684326e-02
  -3.0853271e-02
  -3.3142090e-02
  -3.6712646e-02
  -4.1839600e-02
  -5.0994873e-02
  -6.4819336e-02
  -8.2031250e-02
  -9.8510742e-02
  -1.2258911e-01
  -1.4602661e-01
  -1.7257690e-01
  -1.9903564e-01
             NaN
             NaN
             NaN
             NaN
             NaN
             NaN
             NaN
             NaN
             NaN
  -1.8475342e-01
  -1.4089966e-01
  -8.7524414e-02
  -3.1036377e-02
   2.9296875e-02
   8.5144043e-02
   1.3385010e-01
   1.7990112e-01
             NaN
             NaN
             NaN
             NaN
             NaN
             NaN
             NaN
             NaN
   1.7001343e-01
   1.4062500e-01
   1.0226440e-01
   6.8847656e-02
   3.8452148e-02
   1.3275146e-02
  -9.0637207e-03
  -3.3416748e-02
  -4.7790527e-02
  -5.8685303e-02
  -6.7840576e-02
  -7.7819824e-02
  -8.7707520e-02
  -9.4665527e-02
  -1.0171509e-01
  -1.1206055e-01
  -1.2185669e-01
  -1.3073730e-01
  -1.3787842e-01
  -1.4602661e-01
  -1.5280151e-01
  -1.5161133e-01
  -1.4602661e-01
  -1.3723755e-01
  -1.2487793e-01
  -1.0583496e-01
  -7.7728271e-02
  -4.8248291e-02
  -1.7852783e-02
   1.6021729e-02
   5.3466797e-02
   9.4848633e-02
   1.2808228e-01
   1.5966797e-01
   1.9061279e-01
             NaN
             NaN
             NaN
             NaN
             NaN
             NaN
             NaN
             NaN
             NaN
   1.8255615e-01
   1.6680908e-01
   1.4767456e-01
   1.3925171e-01
   1.3229370e-01
   1.1096191e-01
   1.0198975e-01
   8.9172363e-02
   8.3679199e-02
   7.1502686e-02
   4.8614502e-02
   3.7353516e-02
   1.8310547e-02
   9.1552734e-05
  -2.2155762e-02
  -4.7698975e-02
  -5.8135986e-02
  -7.7087402e-02
  -9.0270996e-02
  -9.6954346e-02
  -9.9151611e-02
  -9.1827393e-02
  -8.9904785e-02
  -7.8460693e-02
  -6.0241699e-02
  -4.2755127e-02
  -2.3437500e-02
  -1.1260986e-02
   8.5144043e-03
   2.2705078e-02
   3.3050537e-02
   3.8726807e-02
   4.2114258e-02
   4.4677734e-02
   4.0466309e-02
   3.1951904e-02
   2.1697998e-02
   1.0528564e-02
  -5.1269531e-03
  -2.4993896e-02
  -4.2663574e-02
  -6.1248779e-02
  -8.1207275e-02
  -1.0537720e-01
  -1.2680054e-01
  -1.4501953e-01
  -1.6607666e-01
  -1.8969727e-01
             NaN
             NaN
             NaN
             NaN
             NaN
             NaN
             NaN
             NaN
             NaN
             NaN
             NaN
             NaN
  -1.7111206e-01
  -1.1718750e-01
  -6.2164307e-02
  -2.5634766e-03
   5.7312012e-02
   1.0922241e-01
   1.6525269e-01
             NaN
             NaN
             NaN
             NaN
             NaN
             NaN
             NaN
             NaN
             NaN
   1.9500732e-01
   1.5737915e-01
   1.1865234e-01
   8.3038330e-02
   4.9255371e-02
   1.6662598e-02
  -1.4556885e-02
  -4.2480469e-02
  -6.4270020e-02
  -8.3587646e-02
  -1.0052490e-01
  -1.1709595e-01
  -1.2854004e-01
  -1.3879395e-01
  -1.4923096e-01
  -1.5856934e-01
  -1.6589355e-01
  -1.6882324e-01
  -1.7102051e-01
  -1.7083740e-01
  -1.6250610e-01
  -1.4886475e-01
  -1.3037109e-01
  -1.0876465e-01
  -8.2580566e-02
  -4.6142578e-02
  -8.1481934e-03
   2.8839111e-02
   6.9396973e-02
   1.1041260e-01
   1.5124512e-01
   1.8759155e-01
             NaN
             NaN
             NaN
             NaN
             NaN
             NaN
             NaN
             NaN
             NaN
             NaN
   1.9052124e-01
   1.6845703e-01
   1.4346313e-01
   1.1947632e-01
   1.0391235e-01
   8.4594727e-02
   6.7840576e-02
   5.3924561e-02
   3.7994385e-02
   2.5909424e-02
   9.0637207e-03
  -6.3171387e-03
  -2.0874023e-02
  -4.0008545e-02
  -5.6671143e-02
  -7.4249268e-02
  -8.8073730e-02
  -1.0052490e-01
  -1.1196899e-01
  -1.1434937e-01
  -1.1260986e-01
  -1.0437012e-01
  -9.2193604e-02
  -7.4523926e-02
  -4.8889160e-02
  -2.3071289e-02
   3.4790039e-03
   3.0853271e-02
   5.8044434e-02
   8.1115723e-02
   9.7137451e-02
   1.0693359e-01
   1.1178589e-01
   1.1013794e-01
   1.0217285e-01
   8.7799072e-02
   7.0129395e-02
   4.9346924e-02
   2.3620605e-02
  -2.6550293e-03
  -2.6092529e-02
  -5.0994873e-02
  -7.3242188e-02
  -9.7503662e-02
  -1.1581421e-01
  -1.3027954e-01
  -1.4758301e-01
  -1.6149902e-01
  -1.7697144e-01
  -1.9052124e-01
             NaN
             NaN
             NaN
             NaN
             NaN
             NaN
             NaN
             NaN
             NaN
             NaN
             NaN
             NaN
             NaN
  -1.5390015e-01
  -9.8876953e-02
  -3.3325195e-02
   3.4057617e-02
   9.9517822e-02
   1.5930176e-01
             NaN
             NaN
             NaN
             NaN
             NaN
             NaN
             NaN
             NaN
             NaN
   1.9784546e-01
   1.5618896e-01
   1.1196899e-01
   6.7932129e-02
   2.8747559e-02
  -3.2043457e-03
  -3.4240723e-02
  -6.1889648e-02
  -8.4136963e-02
  -9.8052979e-02
  -1.1224365e-01
  -1.2670898e-01
  -1.3879395e-01
  -1.4703369e-01
  -1.5545654e-01
  -1.6571045e-01
  -1.7651367e-01
  -1.8136597e-01
  -1.8383789e-01
  -1.8475342e-01
  -1.7916870e-01
  -1.6644287e-01
  -1.4328003e-01
  -1.1837769e-01
  -8.6975098e-02
  -4.6508789e-02
  -5.4931641e-04
   4.7698975e-02
   9.3475342e-02
   1.4108276e-01
   1.8832397e-01
             NaN
             NaN
             NaN
             NaN
             NaN
             NaN
             NaN
             NaN
             NaN
             NaN
   1.8685913e-01
   1.5774536e-01
   1.3403320e-01
   1.0382080e-01
   8.0200195e-02
   5.9326172e-02
   4.2205811e-02
   2.8289795e-02
   8.1481934e-03
  -2.4719238e-03
  -1.4282227e-02
  -2.8564453e-02
  -4.3212891e-02
  -6.3262939e-02
  -7.5531006e-02
  -9.2376709e-02
  -1.0867310e-01
  -1.1938477e-01
  -1.2734985e-01
  -1.2716675e-01
  -1.2533569e-01
  -1.1572266e-01
  -9.5397949e-02
  -7.3242188e-02
  -4.3487549e-02
  -1.2084961e-02
   2.4444580e-02
   6.2530518e-02
   9.3566895e-02
   1.2405396e-01
   1.4822388e-01
   1.6671753e-01
   1.7376709e-01
   1.7193604e-01
   1.6278076e-01
   1.4712524e-01
   1.2368774e-01
   9.5489502e-02
   6.5093994e-02
   3.3599854e-02
   1.7395020e-03
  -2.9113770e-02
  -5.5755615e-02
  -7.8826904e-02
  -1.0089111e-01
  -1.1846924e-01
  -1.3302612e-01
  -1.4456177e-01
  -1.5637207e-01
  -1.6937256e-01
  -1.8228149e-01
  -1.9564819e-01
             NaN
             NaN
             NaN
             NaN
             NaN
             NaN
             NaN
             NaN
             NaN
             NaN
             NaN
             NaN
  -1.8420410e-01
  -1.2863159e-01
  -6.7382813e-02
   9.1552734e-04
   7.1594238e-02
   1.3705444e-01
   1.9546509e-01
             NaN
             NaN
             NaN
             NaN
             NaN
             NaN
             NaN
             NaN
             NaN
   1.6452026e-01
   1.2359619e-01
   8.0749512e-02
   4.0557861e-02
   7.0495605e-03
  -1.9775391e-02
  -4.4036865e-02
  -6.5826416e-02
  -8.3770752e-02
  -9.6313477e-02
  -1.0931396e-01
  -1.2652588e-01
  -1.4135742e-01
  -1.5362549e-01
  -1.6671753e-01
  -1.8246460e-01
  -1.9793701e-01
             NaN
             NaN
             NaN
  -1.9308472e-01
  -1.7367554e-01
  -1.4300537e-01
  -1.0501099e-01
  -6.3629150e-02
  -1.3732910e-02
   4.2114258e-02
   9.6954346e-02
   1.4804077e-01
   1.9473267e-01
             NaN
             NaN
             NaN
             NaN
             NaN
             NaN
             NaN
             NaN
             NaN
             NaN
   1.7074585e-01
   1.3934326e-01
   1.1068726e-01
   8.8348389e-02
   6.6101074e-02
   4.4403076e-02
   2.5726318e-02
   8.9721680e-03
  -2.2888184e-03
  -2.1697998e-02
  -3.8543701e-02
  -5.4473877e-02
  -7.1136475e-02
  -8.5601807e-02
  -1.0556030e-01
  -1.1965942e-01
  -1.2863159e-01
  -1.3522339e-01
  -1.3439941e-01
  -1.3156128e-01
  -1.1663818e-01
  -9.6221924e-02
  -7.0312500e-02
  -3.7902832e-02
  -4.3945313e-03
   3.4515381e-02
   7.2052002e-02
   1.0382080e-01
   1.3558960e-01
   1.5985107e-01
   1.7843628e-01
   1.8621826e-01
   1.8292236e-01
   1.7761230e-01
   1.6012573e-01
   1.3778687e-01
   1.0748291e-01
   7.7270508e-02
   4.6691895e-02
   1.4648438e-02
  -1.7028809e-02
  -4.4677734e-02
  -6.8389893e-02
  -9.0454102e-02
  -1.0867310e-01
  -1.2460327e-01
  -1.3623047e-01
  -1.4804077e-01
  -1.5957642e-01
  -1.7211914e-01
  -1.8273926e-01
  -1.9638062e-01
             NaN
             NaN
             NaN
             NaN
             NaN
             NaN
             NaN
             NaN
             NaN
             NaN
             NaN
             NaN
  -1.7669678e-01
  -1.3476563e-01
  -8.8256836e-02
  -4.0466309e-02
   1.2634277e-02
   6.4086914e-02
   1.1837769e-01
   1.6534424e-01
             NaN
             NaN
             NaN
             NaN
             NaN
             NaN
             NaN
             NaN
             NaN
   1.8338013e-01
   1.5023804e-01
   1.1581421e-01
   8.0200195e-02
   4.5135498e-02
   1.4282227e-02
  -1.1627197e-02
  -4.0374756e-02
  -6.9305420e-02
  -9.3933105e-02
  -1.1370850e-01
  -1.3375854e-01
  -1.5554810e-01
  -1.7550659e-01
  -1.8640137e-01
  -1.9638062e-01
             NaN
             NaN
             NaN
  -1.8685913e-01
