   1.0000000e+00
   2.5870999e-01
  -1.1233300e+00
   8.3002272e-01
   1.8765775e-01
  -8.6515041e-01
   6.3603738e-01
   1.0698448e-01
  -5.8021404e-01
   4.2908059e-01
   2.2601923e-02
  -2.7591588e-01
   2.1247063e-01
  -6.8249024e-02
   3.4240937e-02
  -9.8196396e-03
  -1.6181266e-01
   3.4558651e-01
  -2.2618940e-01
  -2.5166443e-01
   6.4962473e-01
  -4.3351433e-01
  -3.4014935e-01
   9.3288971e-01
  -6.2810092e-01
  -4.2300085e-01
   1.1915590e+00
  -7.9941700e-01
  -4.9397801e-01
   1.4183209e+00
  -9.4607853e-01
  -5.5573522e-01
   1.6019920e+00
  -1.0661098e+00
  -6.0426209e-01
   1.7417006e+00
  -1.1513534e+00
  -6.3427679e-01
   1.8332530e+00
  -1.2032634e+00
  -6.4947486e-01
   1.8694563e+00
  -1.2224665e+00
  -6.4680520e-01
   1.8537880e+00
  -1.2038429e+00
  -6.2258210e-01
   1.7862528e+00
  -1.1520700e+00
  -5.8206533e-01
   1.6643801e+00
  -1.0705036e+00
  -5.2359206e-01
   1.4963207e+00
  -9.5694092e-01
  -4.4537547e-01
   1.2862228e+00
  -8.1888448e-01
  -3.5437881e-01
   1.0358988e+00
  -6.6178489e-01
  -2.5033447e-01
   7.5733179e-01
  -4.8551998e-01
  -1.3320755e-01
   4.5762762e-01
  -2.9936688e-01
  -1.1341949e-02
   1.4138279e-01
  -1.0967012e-01
   1.1458781e-01
  -1.7738994e-01
   8.2917800e-02
   2.4345664e-01
  -4.9064328e-01
   2.6875340e-01
   3.6627666e-01
  -7.9317510e-01
   4.4203593e-01
   4.8225292e-01
  -1.0712510e+00
   6.0275606e-01
   5.9000489e-01
  -1.3182151e+00
   7.4229741e-01
   6.8088082e-01
  -1.5305582e+00
   8.5670029e-01
   7.5495218e-01
  -1.6970509e+00
   9.4775820e-01
   8.1156890e-01
  -1.8144799e+00
   1.0089084e+00
   8.4338670e-01
  -1.8828558e+00
   1.0388647e+00
   8.5222980e-01
  -1.8950302e+00
   1.0418384e+00


