  -2.3076923e-03
   0.0000000e+00
   2.0384615e-02
  -1.0769231e-02
  -1.1538462e-02
   1.5769231e-02
  -2.6538462e-02
   3.8076923e-02
  -3.2692308e-02
   2.8076923e-02
  -2.3461538e-02
   1.7307692e-02
  -4.6153846e-03
  -1.0000000e-02
  -1.5384615e-03
  -1.2692308e-02
   1.8846154e-02
  -2.6538462e-02
   3.4230769e-02
  -3.8076923e-02
   3.1153846e-02
  -2.5000000e-02
   2.0384615e-02
  -2.6538462e-02
   2.9615385e-02
  -1.5769231e-02
   2.8076923e-02
  -1.5769231e-02
   3.0769231e-03
   5.3846154e-03
  -3.8076923e-02
   6.2692308e-02
  -7.8076923e-02
   8.8846154e-02
  -9.5000000e-02
   8.1153846e-02
  -7.5000000e-02
   6.5769231e-02
  -4.4230769e-02
   1.7307692e-02
   1.7307692e-02
  -6.2692308e-02
   1.0115385e-01
  -1.3192308e-01
   1.5038462e-01
  -1.6269231e-01
   1.5038462e-01
  -1.3192308e-01
   1.0115385e-01
  -4.1153846e-02
  -3.4230769e-02
   9.5000000e-02
  -1.5038462e-01
   2.0269231e-01
  -2.3961538e-01
   2.2730769e-01
  -2.1500000e-01
   1.7500000e-01
  -1.0730769e-01
   3.5769231e-02
   5.3461538e-02
  -1.4423077e-01
   2.2730769e-01
  -2.6423077e-01
   2.8884615e-01
  -2.7653846e-01
   2.1500000e-01
  -1.2576923e-01
   2.8076923e-02
   8.4230769e-02
  -2.0269231e-01
   2.6423077e-01
  -3.0115385e-01
   3.0115385e-01
  -2.7653846e-01
   1.9038462e-01
  -8.1153846e-02
  -3.1153846e-02
   1.6884615e-01
  -2.6423077e-01
   3.3807692e-01
  -3.6269231e-01
   3.3807692e-01
  -2.6423077e-01
   1.3807692e-01
  -9.2307692e-03
  -1.3807692e-01
   2.6423077e-01
  -3.6269231e-01
   3.9346154e-01
  -3.6269231e-01
   2.3961538e-01
  -8.8846154e-02
  -6.8846154e-02
   2.1500000e-01
  -3.0115385e-01
   3.6269231e-01
  -3.5038462e-01
   2.6423077e-01
  -1.5653846e-01
   1.7307692e-02
   1.5038462e-01
  -2.7653846e-01
   3.6269231e-01
  -3.9346154e-01
   3.6269231e-01
  -2.6423077e-01
   1.1346154e-01
   4.1153846e-02
  -1.9038462e-01
   3.2576923e-01
  -3.9346154e-01
   4.1807692e-01
  -3.5038462e-01
   2.1500000e-01
  -2.9615385e-02
  -1.7500000e-01
   3.2576923e-01
  -4.4269231e-01
   4.6730769e-01
  -3.9346154e-01
   2.7653846e-01
  -7.1923077e-02
  -1.5038462e-01
   3.6269231e-01
  -4.6730769e-01
   5.4115385e-01
  -4.6730769e-01
   3.0115385e-01
  -6.2692308e-02
  -1.9038462e-01
   4.1807692e-01
  -5.4115385e-01
   5.4115385e-01
  -4.1807692e-01
   2.1500000e-01
   4.7307692e-02
  -3.1346154e-01
   4.9192308e-01
  -5.4115385e-01
   5.1653846e-01
  -3.1346154e-01
   4.4230769e-02
   2.1500000e-01
  -4.4269231e-01
   5.6576923e-01
  -5.1653846e-01
   3.2576923e-01
  -4.4230769e-02
  -2.5192308e-01
   4.9192308e-01
  -5.6576923e-01
   4.9192308e-01
  -2.7653846e-01
  -1.8846154e-02
   3.3807692e-01
  -5.4115385e-01
   5.6576923e-01
  -3.9346154e-01
   1.3192308e-01
   2.2730769e-01
  -4.9192308e-01
   5.9038462e-01
  -4.9192308e-01
   2.3961538e-01
   1.2576923e-01
  -4.4269231e-01
   5.9038462e-01
  -5.9038462e-01
   3.3807692e-01
   3.4230769e-02
  -3.9346154e-01
   6.1500000e-01
  -5.9038462e-01
   3.7500000e-01
   3.8076923e-02
  -4.1807692e-01
   6.6423077e-01
  -6.6423077e-01
   4.4269231e-01
  -1.4230769e-02
  -3.9346154e-01
   6.6423077e-01
  -7.1346154e-01
   4.6730769e-01
  -5.3461538e-02
  -3.7500000e-01
   6.6423077e-01
  -7.1346154e-01
   4.6730769e-01
  -2.6538462e-02
  -4.1807692e-01
   7.1346154e-01
  -7.1346154e-01
   3.9346154e-01
   8.8846154e-02
  -5.4115385e-01
   7.3807692e-01
  -6.1500000e-01
   2.5192308e-01
   2.3961538e-01
  -6.1500000e-01
   7.1346154e-01
  -4.6730769e-01
   2.6538462e-02
   4.6730769e-01
  -7.3807692e-01
   6.3961538e-01
  -2.2730769e-01
  -3.0115385e-01
   7.3807692e-01
  -7.9961538e-01
   4.1807692e-01
   1.6269231e-01
  -6.8884615e-01
   8.9807692e-01
  -6.3961538e-01
   5.9615385e-02
   5.9038462e-01
  -9.9653846e-01
   8.4884615e-01
  -2.7653846e-01
  -4.4269231e-01
   8.9807692e-01
  -8.4884615e-01
   4.1807692e-01
   2.7653846e-01
  -7.9961538e-01
   8.4884615e-01
  -4.9192308e-01
  -1.2576923e-01
   7.1346154e-01
  -8.4884615e-01
   5.6576923e-01
   6.2692308e-02
  -6.6423077e-01
   8.9807692e-01
  -6.3961538e-01
   1.1538462e-02
   6.3961538e-01
  -8.9807692e-01
   7.1346154e-01
  -8.8846154e-02
  -6.1500000e-01
   9.4730769e-01
  -6.8884615e-01
   6.5769231e-02
   6.3961538e-01
  -9.4730769e-01
   7.3807692e-01
  -2.0384615e-02
  -6.8884615e-01
   9.4730769e-01
  -6.8884615e-01
   6.9230769e-03
   6.8884615e-01
  -9.4730769e-01
   5.9038462e-01
   3.1153846e-02
  -6.3961538e-01
   7.9961538e-01
  -5.1653846e-01
  -9.5000000e-02
   6.1500000e-01
  -7.1346154e-01
   3.9346154e-01
   2.1500000e-01
  -6.8884615e-01
   6.8884615e-01
  -2.3961538e-01
  -3.5038462e-01
   7.1346154e-01
  -5.9038462e-01
   6.2692308e-02
   4.6730769e-01
  -6.6423077e-01
   4.1807692e-01
   1.1346154e-01
  -5.6576923e-01
   6.3961538e-01
  -2.7653846e-01
  -2.6423077e-01
   5.9038462e-01
  -5.4115385e-01
   1.5038462e-01
   3.6269231e-01
  -6.1500000e-01
   4.4269231e-01
   6.9230769e-03
  -4.1807692e-01
   5.9038462e-01
  -3.5038462e-01
  -1.1961538e-01
   5.4115385e-01
  -5.6576923e-01
   2.6423077e-01
   2.3961538e-01
  -6.3961538e-01
   5.9038462e-01
  -1.5653846e-01
  -3.9346154e-01
   6.8884615e-01
  -5.4115385e-01
   1.4230769e-02
   5.1653846e-01
  -6.8884615e-01
   3.7500000e-01
   2.1500000e-01
  -6.1500000e-01
   6.1500000e-01
  -1.6269231e-01
  -4.1807692e-01
   7.1346154e-01
  -4.9192308e-01
  -8.8846154e-02
   5.9038462e-01
  -7.1346154e-01
   2.8884615e-01
   3.3807692e-01
  -7.1346154e-01
   5.4115385e-01
   9.2307692e-03
  -5.6576923e-01
   7.1346154e-01
  -3.1346154e-01
  -3.1346154e-01
   7.1346154e-01
  -5.4115385e-01
  -6.9230769e-03
   5.4115385e-01
  -6.6423077e-01
   2.5192308e-01
   2.8884615e-01
  -6.1500000e-01
   4.4269231e-01
   5.3461538e-02
  -4.4269231e-01
   4.9192308e-01
  -1.5038462e-01
  -3.1346154e-01
   5.4115385e-01
  -3.0115385e-01
  -1.5653846e-01
   4.9192308e-01
  -4.4269231e-01
   8.4230769e-02
   3.7500000e-01
  -5.4115385e-01
   2.1500000e-01
   2.3961538e-01
  -4.9192308e-01
   3.7500000e-01
   7.8076923e-02
  -4.9192308e-01
   5.4115385e-01
  -1.5653846e-01
  -3.3807692e-01
   5.9038462e-01
  -3.9346154e-01
  -8.1153846e-02
   5.1653846e-01
  -5.4115385e-01
   1.1346154e-01
   4.1807692e-01
  -5.9038462e-01
   3.2576923e-01
   2.1500000e-01
  -6.3961538e-01
   5.1653846e-01
   2.8076923e-02
  -5.4115385e-01
   5.6576923e-01
  -1.5038462e-01
  -3.7500000e-01
   5.9038462e-01
  -2.7653846e-01
  -2.5192308e-01
   5.4115385e-01
  -3.9346154e-01
  -5.3461538e-02
   4.9192308e-01
  -5.1653846e-01
   1.4423077e-01
   3.6269231e-01
  -5.6576923e-01
   3.1346154e-01
   2.0269231e-01
  -5.6576923e-01
   4.6730769e-01
   5.3461538e-02
  -5.1653846e-01
   5.1653846e-01
  -9.5000000e-02
  -3.9346154e-01
   5.6576923e-01
  -2.1500000e-01
  -3.3807692e-01
   5.6576923e-01
  -2.7653846e-01
  -2.2730769e-01
   5.4115385e-01
  -3.9346154e-01
  -1.1961538e-01
   5.1653846e-01
  -4.1807692e-01
  -6.5769231e-02
   4.4269231e-01
  -4.6730769e-01
   8.1153846e-02
   4.4269231e-01
  -5.4115385e-01
   1.5653846e-01
   3.1346154e-01
  -4.6730769e-01
   2.2730769e-01
   2.5192308e-01
  -4.9192308e-01
   2.5192308e-01
   2.3961538e-01
  -4.9192308e-01
   3.1346154e-01
   1.0730769e-01
  -4.6730769e-01
   3.9346154e-01
   5.3461538e-02
  -4.4269231e-01
   3.9346154e-01
  -1.8846154e-02
  -3.3807692e-01
   3.9346154e-01
  -7.8076923e-02
  -3.5038462e-01
   3.9346154e-01
  -2.8076923e-02
  -3.5038462e-01
   3.9346154e-01
  -1.0115385e-01
  -2.8884615e-01
   4.4269231e-01
  -1.0730769e-01
  -3.5038462e-01
   4.1807692e-01
  -7.1923077e-02
  -3.1346154e-01
   4.6730769e-01
  -1.3192308e-01
  -3.7500000e-01
   4.9192308e-01
  -7.1923077e-02
  -3.9346154e-01
   4.4269231e-01
  -1.0115385e-01
  -3.7500000e-01
   4.9192308e-01
  -8.4230769e-02
  -4.1807692e-01
   4.1807692e-01
  -2.0384615e-02
  -3.5038462e-01
   3.6269231e-01
   2.6538462e-02
  -3.9346154e-01
   2.7653846e-01
   1.6884615e-01
  -3.5038462e-01
   1.5038462e-01
   1.9038462e-01
  -3.3807692e-01
   1.2576923e-01
   2.5192308e-01
  -3.2576923e-01
  -4.1153846e-02
   3.1346154e-01
  -2.0269231e-01
  -1.4423077e-01
   3.6269231e-01
  -1.9038462e-01
  -2.5192308e-01
   4.4269231e-01
  -6.2692308e-02
  -3.9346154e-01
   3.9346154e-01
   4.7307692e-02
  -4.1807692e-01
   3.3807692e-01
   1.5038462e-01
  -4.9192308e-01
   2.0269231e-01
   3.6269231e-01
  -4.6730769e-01
   1.7307692e-02
   4.6730769e-01
  -4.4269231e-01
  -1.0115385e-01
   5.9038462e-01
  -3.6269231e-01
  -3.1346154e-01
   5.4115385e-01
  -8.1153846e-02
  -4.6730769e-01
   4.1807692e-01
   2.0269231e-01
  -6.1500000e-01
   2.5192308e-01
   4.6730769e-01
  -6.1500000e-01
  -4.7307692e-02
   6.3961538e-01
  -4.4269231e-01
  -3.1346154e-01
   6.6423077e-01
  -1.6269231e-01
  -5.4115385e-01
   5.6576923e-01
   1.7500000e-01
  -6.8884615e-01
   2.8884615e-01
   4.4269231e-01
  -5.9038462e-01
  -2.9615385e-02
   5.9038462e-01
  -3.5038462e-01
  -3.6269231e-01
   5.9038462e-01
   8.4615385e-03
  -5.6576923e-01
   3.7500000e-01
   3.0115385e-01
  -5.6576923e-01
   1.0115385e-01
   4.9192308e-01
  -3.9346154e-01
  -2.1500000e-01
   4.6730769e-01
  -1.0115385e-01
  -3.6269231e-01
   3.0115385e-01
   1.7500000e-01
  -3.9346154e-01
   6.5769231e-02
   3.2576923e-01
  -2.5192308e-01
  -1.7500000e-01
   3.2576923e-01
   1.2692308e-02
  -3.0115385e-01
   1.6269231e-01
   2.1500000e-01
  -2.8884615e-01
  -5.3461538e-02
   3.5038462e-01
  -1.5653846e-01
  -2.6423077e-01
   2.7653846e-01
   5.9615385e-02
  -2.6423077e-01
   9.5000000e-02
   1.7500000e-01
  -1.8115385e-01
  -6.8846154e-02
   2.0269231e-01
   7.6923077e-04
  -1.9038462e-01
   7.1923077e-02
   1.3192308e-01
  -1.3807692e-01
  -9.2307692e-03
   1.0115385e-01
  -3.1153846e-02
  -5.0384615e-02
   6.1538462e-03
   5.9615385e-02
   6.1538462e-03
  -9.5000000e-02
   3.4230769e-02
   1.1346154e-01
  -1.0115385e-01
  -6.2692308e-02
   1.4423077e-01
  -1.5384615e-03
  -1.1961538e-01
   6.5769231e-02
   6.2692308e-02
  -1.0115385e-01
  -2.8076923e-02
   8.4230769e-02
  -1.5384615e-03
  -1.0730769e-01
   4.4230769e-02
   5.9615385e-02
  -6.2692308e-02
   7.6923077e-03
   2.3461538e-02
  -2.6538462e-02
   1.2692308e-02
   1.1538462e-02
  -1.4230769e-02
   3.2692308e-02
  -1.5384615e-03
  -3.1153846e-02



